14,182
14,198
14,180
14,179
14,178
14,177
19,25
19,24
19,23
19,22
19,21
19,20
19,19
15,109
19,18
19,17
19,16
19,15
19,14
19,13
16,85
16,84
16,83
16,82
15,50
15,43
16,38
15,49
15,47
15,108
15,48
15,19
16,37
16,36
16,5
16,35
15,30
16,34
15,107
15,106
15,105
15,104
15,46
16,33
15,27
16,32
15,103
15,102
15,45
15,101
15,100
15,99
15,98
15,97
16,28
15,44
15,29
15,96
16,27
0,511
0,510
16,26
15,95
15,94
15,93
16,25
16,24
0,509
0,508
0,507
0,506
16,23
0,505
0,504
0,503
15,92
0,502
0,501
0,500
15,91
15,90
15,89
15,88
15,87
15,86
15,85
15,84
15,83
15,82
15,81
15,80
15,79
0,499
16,21
15,78
0,498
15,77
15,76
15,75
15,74
15,73
15,72
15,71
15,70
15,69
15,68
15,67
15,66
15,65
15,64
15,42
15,41
15,40
15,39
16,20
16,19
15,38
15,37
15,36
15,35
15,34
15,33
15,32
15,31
0,497
0,496
16,18
16,17
0,495
15,4
16,16
0,494
0,493
0,492
0,491
16,15
0,490
15,28
0,489
0,488
0,487
0,486
0,485
0,484
0,483
15,20
0,482
0,481
0,480
0,479
0,478
0,477
0,476
15,26
0,475
0,474
0,473
0,472
0,471
0,470
0,469
0,468
0,467
0,466
0,465
15,25
0,464
0,463
0,462
16,14
0,461
15,24
0,460
0,459
0,458
0,457
0,456
0,455
15,23
0,454
0,453
0,452
0,451
0,450
0,449
0,448
15,22
15,21
15,5
15,18
16,13
15,17
15,16
0,447
15,15
0,446
0,445
15,14
15,13
0,444
0,443
15,12
15,11
16,11
0,442
0,440
19,12
19,11
19,10
19,9
19,8
19,7
19,6
19,5
19,4
15,10
0,439
15,9
16,10
15,8
15,7
15,6
14,174
14,173
14,172
14,171
16,9
16,8
34,5
34,4
34,3
34,2
34,1
34,0
33,5
33,4
33,3
33,2
33,1
33,0
32,8
32,7
32,6
32,5
32,4
32,3
32,2
32,1
32,0
0,438
0,437
31,4
31,3
31,2
31,1
31,0
2,7
30,5
30,4
30,3
30,2
30,1
30,0
29,10
29,9
29,8
29,7
29,6
29,5
29,4
29,3
29,2
29,1
29,0
28,6
28,5
28,4
28,3
28,2
28,1
28,0
27,12
27,11
27,10
27,9
27,8
27,7
27,6
27,5
27,4
27,3
27,2
27,1
27,0
26,7
26,6
26,5
26,4
26,3
26,2
26,1
26,0
25,5
25,4
25,3
25,2
25,1
25,0
2,6
24,13
24,12
24,11
24,10
24,9
24,8
24,7
24,6
24,5
24,4
24,3
24,2
24,1
24,0
23,4
23,3
23,2
23,1
23,0
22,7
22,6
22,5
22,4
22,3
22,2
22,1
22,0
21,3
21,2
21,1
21,0
20,4
20,3
20,2
20,1
20,0
19,3
19,2
19,1
19,0
14,170
14,169
14,168
14,167
14,166
14,165
14,164
14,163
14,162
14,161
14,160
14,159
14,158
14,157
14,156
14,155
14,154
14,153
14,152
14,151
14,150
14,149
14,148
14,147
14,146
14,145
14,144
14,143
14,142
14,141
14,140
14,139
11,0
10,4
10,3
10,2
10,1
10,0
9,5
9,4
9,3
9,2
9,1
9,0
8,5
8,4
8,3
8,2
8,1
8,0
7,5
7,4
7,3
7,2
7,1
7,0
6,5
6,4
6,2
6,1
6,0
5,6
5,5
5,4
5,3
5,2
5,1
5,0
4,3
2,3
2,2
2,1
2,0
0,410
0,324
0,243
0,0
14,1
17,4
17,3
17,2
17,1
16,7
16,6
16,4
16,3
15,3
14,131
14,130
14,129
14,128
14,127
14,126
14,125
14,124
14,123
14,122
14,121
14,120
14,119
14,118
14,117
14,116
14,115
14,114
14,113
14,112
14,111
14,110
14,109
14,108
14,107
14,106
14,105
14,104
14,103
14,102
14,100
14,98
14,97
14,96
14,11
14,5
14,4
14,3
14,2
14,0
6,3
2,5
2,4
1,3
0,9
0,1
0,300
0,299
0,429
0,298
0,297
0,296
0,295
0,294
0,293
0,292
0,291
0,290
0,289
0,288
0,287
0,286
0,285
0,284
0,414
0,283
0,282
0,281
0,280
0,279
0,278
0,277
0,276
0,275
0,404
0,274
0,273
0,272
0,271
0,270
11,1
11,2
11,4
11,5
12,1
12,2
12,4
12,6
12,7
13,0
13,1
13,3
14,12
14,13
14,15
14,16
14,18
14,19
14,21
14,23
14,24
14,26
14,27
14,29
14,31
14,32
14,34
14,35
14,37
14,64
14,66
14,68
14,69
14,71
14,72
14,74
14,76
14,77
14,79
14,80
14,82
14,83
14,85
14,87
14,88
14,90
14,91
14,93
14,95
14,134
14,136
14,137
15,0
15,2
16,0
16,2
16,1
15,1
14,138
14,135
14,94
14,92
14,89
14,86
14,84
14,81
14,78
14,75
14,73
14,70
14,67
14,65
14,36
14,33
14,30
14,28
14,25
14,22
14,20
14,17
14,14
13,4
13,2
12,8
12,5
12,3
12,0
11,3
0,269
0,268
0,267
0,266
0,395
0,265
0,394
0,264
0,393
0,263
0,392
0,262
0,261
0,260
0,389
0,259
0,388
0,258
0,387
0,257
0,256
0,255
0,384
0,254
0,253
0,252
0,381
0,251
0,250
0,249
0,248
0,247
0,376
0,246
0,245
0,244
0,242
0,241
0,371
0,240
0,239
0,369
0,238
0,368
0,237
0,236
0,235
0,234
0,233
0,232
0,231
0,230
0,229
0,228
0,227
0,226
0,225
0,355
0,224
0,354
0,223
0,353
0,222
0,352
0,221
0,220
0,219
0,349
0,218
0,348
0,217
0,347
0,216
0,346
0,215
0,214
0,344
0,213
0,212
0,342
0,211
0,210
0,340
0,209
0,339
0,208
0,207
0,337
0,206
0,336
0,205
0,335
0,204
0,203
0,202
0,201
0,334
0,200
0,333
0,199
0,198
0,197
0,196
0,195
0,194
0,328
0,193
0,327
0,192
0,326
0,63
0,325
0,62
0,323
0,61
0,322
0,60
0,321
0,59
0,320
0,58
0,319
0,57
0,318
0,56
0,317
0,55
0,316
0,54
0,315
0,53
0,314
0,52
0,313
0,51
0,312
0,50
0,311
0,49
0,310
0,48
0,309
0,47
0,308
0,46
0,307
0,45
0,6
0,5
0,304
0,303
0,306
0,305
0,302
0,12
0,10
0,8
0,11
0,4
0,2
0,3
0,7
17,0
